0.0
0.0
0.0
0.0
0.0
0.15916181135680174
0.0
0.0
0.0
0.0
0.0
0.0
0.0
0.0
0.0
0.0
0.0
0.0
0.0
0.0
0.15731818501708655
0.0
0.0
0.0
0.0
0.0
0.0
0.14198093122890804
0.0
0.0
0.1481418453999963
0.14061512540390228
0.1462402630613617
0.0
0.0
0.15093729374302822
0.15263759441351243
0.14327688785858117
0.1557915059743872
0.14202119223141027
0.14857217265576808
0.1501134906317896
0.15428275117943785
0.15374589897719534
0.15126202662137594
0.14891921860789956
0.15923952719036025
0.14973060841028935
0.15288373735200025
0.1469858719725375
0.15101635416633835
0.1470055162199536
0.1446919250562333
0.15224003260584595
0.0
0.1533798592873852
0.1509013783824164
0.0
0.15062035452148378
0.15200710840819903
0.15622574588006594
0.0
0.14127091430367328
0.15025386820816544
0.13867939709893004
0.14260530897024035
0.0
0.14390274831049146
0.15152992821791067
0.14226701639443165
0.0
0.0
0.0
0.14987036254030403
0.14627549169975837
0.0
0.0
0.1510741451653455
0.1435341686012729
0.1393183781960734
0.0
0.145489967950671
0.0
0.14364989119819452
0.0
0.0
0.0