0.0
0.0
0.0
0.0
0.0
0.0
0.0
0.0
0.16101459647515254
0.0
0.0
0.0
0.0
0.0
0.0
0.0
0.0
0.0
0.0
0.1529877768068893
0.0
0.0
0.0
0.1529680621200768
0.0
0.1559321208000574
0.0
0.0
0.0
0.0
0.14761654714303724
0.0
0.14606618726103057
0.15201563656364284
0.0
0.14943519435057243
0.1428481015103259
0.0
0.14382157692887662
0.14882640356577925
0.14660109061578103
0.1486974549062017
0.14283297139777734
0.15069657677796344
0.1546213681373332
0.1485963468256521
0.15212282966837967
0.15024012333308673
0.15156287460220455
0.15609718375970935
0.14528622632505608
0.1446682456167924
0.14923710477400068
0.15344999095099376
0.14977484034783528
0.0
0.1515573051118252
0.15122672559180889
0.15645793660472526
0.0
0.14889562264431266
0.14705682961807673
0.14681474846165038
0.152069713163
0.0
0.13931220446296502
0.0
0.0
0.15656036709026222
0.15230074296537585
0.1426575061151551
0.1462038329440181
0.14865213472685906
0.1435244763678314
0.14736507404265717
0.0
0.0
0.14463566106761314
0.1550153743807971
0.14575626592879934
0.0
0.0
0.0
0.0
0.0
0.0
0.0